

14019992809
14018376962
14012865485
14012199302
14019996585
14012129317
14012860617
14018554895
14012411564
14018377134
14017445633
14012866907
14014996458
14018370854
14014251318
14012639061
14014998253
14012263448
14014990105
14014975692
14014253565
14019991145
14015728587
14013013568
14016621814
14014990038
14016634385
14016632030
14015726650
14012638993
14019992021
14012127731
14012264506
14019961688
14014268171
14012268877
14012864624
14016629017
14015726783
14019192659
14016628734
14013591745
14015727936
14018552643
14014995146
14013591185
14012267493
14012121536
14016630344
14012126502
14012636281
14013018682
14018371159
14012632206
14012123632
14012121182
14012636696
14013018692
14014260109
14012127419
14012864942
14017448315
14012265836
14019991553
14012269306
14019994730
14019993953
14012194515
14015724405
14014991836
14013595864
14012863156
14018371767
14012863777
14019190922
14019990407
14016631716
14015724222
14013012238
14013016641
14013597616
14018550823
14013016299
14012861882
14016622242
14012267827
14019960983
14017449447
14016633373
14014996791
14012264727
14019967230
14012635723
14019997897
14019960151
14016638097
14012266487
14019965650
14018551575
14013591423
14013010698
14016630830
14013594878
14018555570
14019993373
14012193177
14013013199
14012634452
14012633775
14017447767
14012863586
14014971225
14012635917
14012862002
14016636044
14016634081
14019994488
14013018408
14013598018
14012860783
14012635581
14013591659
14017445783
14019190510
14013014749
14019197097
14012265400
14016636911
14014978075
14013014153
14012264486
14013594147
14012635860
14013011094
14012411860
14019993074
14016631128
14014996568
14012264935
14013011784
14013013003
14012639644
14017442997
14019968235
14012267480
14013013955
14014994955
14017445929
14018555208
14013595514
14012410854
14018553894
14016636832
14019961153
14012636371
14012411613
14012412917
14018370033
14012190572
14014976393
14016624800
14016622214
14019962089
14012417818
14019990205
14012195003
14012413480
14013017881
14012636236
14013591819
14019961509
14017442771
14016620341
14012196942
14018375125
14017447455
14012415074
14012865773
14013591449
14019192678
14014979242
14018375447
14017447597
14014974205
14019994350
14019990389
14012192799
14019194534
14012411264
14012193377
14012195488
14013590878
14019967318
14019191442
14012193825
14013011217
14014978480
14016635401
14014975993
14012630986
14013013786
14019998932
14016621089
14019194119
14014977865
14016629444
14012865039
14018373072
14016779354
14013017756
14018377130
14019191899
14012266067
14014267736
14013592212
14019968819
14012269210
14018374603
14013013043
14013599078
14014970086
14014263572
14016637579
14014975621
14019963395
14012635986
14015724529
14012865094
14016623305
14012860192
14012269857
14017445895
14016634100
14012416913
14013017204
14019196333
14012418879
14012868948
14017449919
14018373992
14017443286
14016636976
14019990953
14014998494
14014973033
14013595088
14013012045
14013591839
14019199319
14018378486
14019193665
14012267660
14018370912
14012412142
14014971904
14017449888
14019994697
14019962700
14013014258
14012264823
14018370088
14012199014
14013015832
14012120802
14015728560
14018555429
14013018638
14012861354
14019193484
14014259139
14014977909
14012418684
14012633187
14016786870
14017440997
14012861923
14014977612
14015721155
14016637994
14016629600
14014997020
14016636321
14014996896
14013597806
14016781385
14012267935
14019961171
14019964228
14016632555
14019197842
14012415636
14014970303
14012630185
14016622523
14012261631
14018554552
14012269271
14016628380
14017444350
14013591431
14016628469
14018375373
14013599440
14016633262
14014978857
14018376708
14014976063
14013597365
14018376555
14018370530
14014992724
14018550188
14012867458
14018372005
14018375126
14012267282
14019999540
14012631402
14018550144
14014267427
14013010562
14013595486
14016629432
14012633603
14012197305
14013597746
14016635573
14012868603
14016637782
14012639843
14012867675
14012417169
14012127786
14013019869
14019992069
14012862063
14013017733
14012123216
14014976400
14018552214
14014992867
14012632377
14012264687
14018551288
14019969236
14015726336
14012410198
14014975089
14012268011
14012633427
14012126527
14016621683
14012196100
14012631285
14012262231
14016780203
14012637349
14016779205
14019962900
14012195512
14017448715
14017445334
14014972357
14014997324
14012868150
14012411823
14016638656
14013592345
14012413921
14012194417
14012191466
14019990871
14019962080
14014990733
14012631966
14016626685
14014979712
14012414563
14012411475
14019198946
14018376235
14017448844
14018375568
14014976322
14016639032
14012269003
14012194390
14019999563
14017444111
14013593354
14013597484
14018372567
14012263782
14018378700
14014972065
14018379253
14018376426
14016623417
14013590261
14019964461
14014975608
14012862549
14014267657
14016634130
14012267221
14012862356
14016780786
14016629987
14016632301
14019197743
14018552642
14013010750
14018376054
14014994289
14014976716
14016631310
14019198488
14012861480
14014999404
14013013123
14013599672
14013596567
14012127920
14019994431
14013019595
14013591469
14019997536
14014998793
14017444066
14012865032
14012861326
14012266169
14013591606
14016631022
14013019344
14012639525
14016628905
14019193584
14012412769
14014269409
14012414055
14012633835
14013591923
14015724202
14012267399
14014995332
14018377320
14015724738
14019961618
14014970899
14018373099
14019968623
14019193588
14018556195
14012263457
14019968219
14017449119
14013595640
14016627597
14019967177
14012633296
14012194580
14013594159
14012412650
14012413381
14016628520
14012121313
14014996069
14012126192
14014979207
14012192464
14019992479
14012863552
14019994153
14012635559
14012268103
14012268555
14018373526
14012191864
14016630395
14019997881
14018555719
14019197509
14012638730
14014974870
14014260536
14013014746
14012412299
14019962629
14018550717
14014990249
14018551585
14018374172
14012862231
14014261990
14016622457
14012269388
14013018498
14012195658
14016622000
14012863260
14014268746
14018552143
14012127123
14012416098
14018375629
14013010743
14014995225
14019196009
14013012501
14014998440
14012126498
14013590438
14015724648
14013017124
14013593422
14014995904
14014973519
14018555116
14012197675
14014251665
14012633230
14018555657
14017443979
14012265829
14012415537
14014976894
14018553519
14016781042
14018556814
14019996914
14015721025
14012263341
14012266661
14012262855
14019962669
14014972277
14014994116
14017447432
14013017148
14014973424
14017440771
14019196891
14012265569
14012193577
14016637597
14015722286
14016788154
14015726535
14018372290
14019991348
14017444500
14014999548
14012635823
14013016135
14013013560
14017440897
14012267982
14014261470
14016623097
14018378093
14019990875
14019962436
14017444365
14014999073
14012418715
14012126999
14018370404
14017442783
14012862778
14016639604
14012262652
14012867653
14013015853
14013015714
14013595219
14019198360
14012865214
14014998800
14014268776
14012638194
14019961771
14012415014
14013016066
14012269583
14012190241
14018559153
14013015305
14019994776
14012864951
14019198156
14012129327
14016631586
14016637886
14012414068
14019190100
14012414929
14013013639
14017447573
14019195969
14013017119
14014253588
14013597194
14019190578
14018378723
14018553584
14012630279
14019990192
14019199621
14013014898
14013010966
14016625924
14014268776
14014260161
14018372987
14013017644
14012260410
14018555940
14016630115
14017443670
14013594269
14016632313
14014971565
14013015798
14012129910
14012413509
14019994405
14012416175
14012411331
14013593350
14014260624
14019964049
14012412197
14014996795
14012269556
14014992686
14015729199
14016635134
14012268022
14013019969
14017447328
14018556233
14014976673
14019190977
14012265494
14013593809
14019196094
14017444821
14016627974
14014991269
14019193133
14019190302
14012197033
14018374118
14017443970
14012418248
14012190079
14014977756
14016780928
14014970271
14019994535
14019962879
14012639946
14016627458
14012264771
14017441140
14013016593
14019193088
14012266904
14014971335
14013592178
14014973159
14018377814
14014999073
14012414903
14016636553
14012195196
14016789465
14017444656
14019191525
14016621584
14012411103
14014269498
14015722450
14012266909
14014978263
14019967545
14016637165
14014977839
14015722119
14019968339
14016621648
14014973509
14019192926
14019964054
14017443122
14012866764
14012192808
14014264796
14018559300
14016623521
14016626715
14019193007
14012639432
14018551746
14012418707
14012196159
14019961225
14012412856
14014260105
14014990568
14012123038
14012633801
14016629065
14017447799
14014975654
14012416376
14012193859
14016628484
14018374294
14012266598
14014972622
14017442863
14019963602
14012414874
14014999409
14013598428
14014997307
14014991783
14013599077
14012190725
14014991401
14012129181
14012868871
14014976669
14012632784
14014261373
14016639448
14014970852
14017440159
14014264824
14013017595
14019996723
14012412077
14017444816
14012860932
14019197790
14012869106
14015726959
14019995138
14012860709
14012419937
14014251299
14019962311
14018378401
14013012686
14013591102
14012868756
14012265029
14012412527
14014251262
14018557173
14013595116
14013592203
14013594042
14012635455
14019191309
14017440595
14012126870
14019990844
14016626446
14014260649
14012867620
14012411038
14012263593
14019991378
14018379016
14014977909
14019196178
14014979084
14012410410
14019193307
14013591447
14018554623
14012867299
14014970733
14013016213
14014994686
14016632906
14018371171
14014995769
14012199010
14012417299
14013592219
14018379584
14016786953
14012416414
14016635136
14014261408
14015722543
14012122629
14013019768
14017446921
14018377341
14014259721
14012127170
14015726363
14014999463
14017445763
14014992235
14016623988
14013015688
14013599721
14012638341
14014998371
14012419268
14016783383
14013595198
14012639042
14012863126
14012866857
14019192519
14012861323
14012630506
14016627704
14012866783
14016623707
14012631468
14018378187
14014267261
14013591487
14013019682
14012191324
14016780587
14013013107
14012269661
14012267470
14012129817
14013596092
14012411179
14016636240
14014976744
14014991760
14014269168
14014260969
14019968773
14012120451
14014977851
14013595877
14017445401
14016622962
14019997984
14013011345
14018375345
14012193170
14019990252
14012266115
14019999661
14012639160
14012120760
14014998159
14019190144
14014268321
14013019067
14019991000
14013597097
14019190982
14018551322
14013010329
14019961568
14016635917
14013019050
14019966553
14019995771
14012194982
14017446264
14014993389
14012637483
14013011716
14013596674
14019990789
14012410468
14018374399
14012120973
14013599006
14012633266
14019963661
14012267298
14013014646
14013593374
14019994022
14012127655
14012869008
14014990046
14014268194
14016626331
14014261339
14016628516
14012190911
14012864212
14016621855
14016639684
14018375355
14013593095
14012630756
14013016294
14017446459
14016626692
14018556068
14016621203
14019996704
14019966868
14013012359
14019193967
14012413428
14013013753
14012192688
14019995946
14013599212
14015724035
14012121313
14012199521
14017446313
14012419324
14014267327
14014978131
14012639453
14012635182
14017440354
14014998878
14018558340
14016636466
14013014571
14014260183
14018374772
14013597024
14014970710
14016621823
14014992760
14019994456
14016786305
14013592246
14012190465
14019198255
14018559937
14014991106
14012634874
14019992170
14013012432
14014992764
14013010103
14012413733
14012263348
14014971171
14014268717
14014997085
14014975669
14012410834
14018554049
14017448235
14017443417
14018553124
14014251947
14012269041
14019963518
14012410259
14012866500
14013013369
14012418984
14016622121
14019994638
14013591019
14015720824
14018378644
14019992209
14012637684
14016630312
14013014469
14019191863
14012126636
14012419685
14019193636
14018550626
14019199774
14018379771
14016625391
14012637160
14016620544
14012867739
14012869065
14012865955
14012191564
14016629631
14012266142
14019964275
14013598507
14013017078
14018374750
14014268094
14012262396
14019967282
14013599919
14013010679
14012192038
14019190496
14013595171
14013599729
14012413521
14014994755
14012263770
14012636100
14012636610
14012199119
14012632747
14012416730
14018379429
14017449306
14018553506
14019966520
14012120168
14012410754
14014976456
14018554560
14019967315
14014251107
14012862262
14012631344
14018557336
14019965627
14012127155
14015722670
14012863820
14012867877
14014978974
14012195429
14018377509
14019190230
14012265808
14016638105
14015729136
14012410592
14016622740
14017444500
14018376940
14012415975
14016623435
14014975162
14016635668
14019990538
14014972454
14012264109
14016781483
14013019178
14013015553
14016636398
14012264232
14013595164
14018553938
14014269055
14019961776
14014253718
14016637087
14018371680
14012630460
14016780098
14014972007
14016625950
14016622610
14012636890
14016622698
14017442082
14014973306
14012193336
14014994021
14017445664
14018551744
14013592725
14016782914
14017449591
14016780255
14018378703
14013010595
14019991571
14016631960
14018374869
14013012206
14014977080
14019190358
14012869347
14012262687
14012191792
14015724479
14014992025
14014976701
14018550088
14013593284
14018556793
14018553161
14019999777
14019968537
14012197690
14016627616
14012267996
14018376217
14014975757
14013019110
14019192915
14016621367
14015722909
14012120586
14017441089
14014978505
14012265630
14018553268
14019966406
14013019231
14016786822
14013599957
14019995239
14015726335
14019998876
14012192843
14014261313
14013592222
14014971411
14018556012
14016781867
14017441717
14016626685
14018550842
14012268486
14018373341
14014261847
14019990566
14013015720
14014251318
14018556365
14016632361
14019991277
14012869384
14013591312
14015722887
14014997604
14013014796
14013598181
14013596799
14019994442
14016627655
14012419757
14014995914
14016632635
14014977638
14015722341
14019961361
14016780586
14014972133
14014267724
14019962824
14013593500
14012126961
14018555328
14013596042
14014992055
14016630536
14012121804
14014261562
14014972041
14019964367
14019994314
14012121234
14012866650
14018374774
14016636695
14012416595
14018555349
14012633454
14013596030
14016781585
14017449385
14016621022
14016629143
14014254804
14015724807
14014994346
14018376444
14014977190
14014994749
14014974647
14013593070
14019962120
14012413624
14013016233
14016782921
14018554717
14018372634
14012861517
14018554449
14019996500
14014978325
14014976716
14014972757
14012413858
14012197927
14013015802
14019960441
14014973338
14018371665
14019992904
14014997170
14019969190
14018556032
14013590119
14013592385
14018370790
14014979131
14015729245
14018550194
14014251001
14019964711
14012417555
14013591717
14012269248
14013011800
14018372694
14013596929
14012129181
14016634545
14016629370
14014993281
14016628910
14019962780
14012415859
14012632532
14018376507
14012262152
14018373001
14014995749
14012860893
14012192926
14013010115
14018375610
14012266893
14015724862
14014267283
14012868849
14012262231
14012863367
14013014551
14019992722
14016623431
14012414530
14012634941
14019962621
14012861122
14018370724
14018376365
14012633314
14019961410
14019963631
14014998741
14014970862
14012868758
14013011951
14018552252
14014993910
14013597444
14019993906
14018371540
14014999993
14012631952
14014996352
14019962913
14019964009
14012869329
14017448816
14016779230
14018376007
14016780363
14014995716
14018371767
14014972540
14012129088
14016623568
14014977140
14019966590
14012633084
14017443161
14015722041
14012866625
14012191235
14016637796
14016781211
14019968726
14014260821
14013017235
14016633691
14019992762
14013011568
14012869331
14012127131
14012867201
14014994402
14012860182
14017442094
14013019969
14018559417
14012866074
14019968930
14013593549
14016633901
14012127794
14013595423
14012126113
14016623822
14018374611
14012637042
14019194180
14014970111
14013599930
14012866281
14012413860
14014978396
14016629484
14013018114
14016626494
14017444807
14013015703
14013017314
14018559314
14013014842
14018553576
14012635732
14012121209
14012865032
14012268729
14012868155
14016622816
14013014615
14017442005
14012417379
14012860935
14018552096
14013016075
14016628111
14012192950
14015722151
14016770106
14018550942
14014267400
14018555684
14012865013
14014260504
14014251078
14012635858
14012266694
14018374705
14012634998
14012190560
14014998353
14019966558
14012633571
14012634230
14012193102
14012196628
14017445467
14018557444
14014996055
14012864061
14016781053
14019192357
14014997578
14015726561
14018556397
14018554596
14018378876
14019965200
14012860823
14016779073
14012417379
14012411871
14019990145
14014971524
14013011049
14013016795
14016636993
14019996692
14016628741
14012633004
14014993174
14012198881
14012415594
14012267129
14013592942
14012634505
14012635363
14016634557
14012413415
14019991297
14019191006
14013598839
14012266282
14016634840
14013014063
14019198119
14016626807
14016631001
14014995713
14019963435
14014997869
14014994667
14012638982
14012637222
14012416201
14012864385
14019193995
14012126115
14019960164
14013017268
14012265348
14014994627
14015721781
14014267540
14013599160
14018373487
14016639062
14012121178
14017449376
14019960056
14016625666
14013019991
14012866412
14012866022
14013011019
14012633568
14012862455
14012869284
14018555438
14012633063
14012268358
14013592293
14012634024
14017440902
14012861188
14013591209
14018558098
14019964245
14014995081
14018371126
14012419713
14016632870
14014973541
14019196808
14012127330
14013015466
14019990114
14012264553
14018372707
14013597923
14018376739
14018556414
14012414342
14013011904
14014267207
14012410497
14019969625
14012266762
14019994614
14018558281
14019193778
14019962983
14013012994
14012860265
14012262128
14012865445
14019960417
14018378353
14012411504
14013598359
14012196129
14018551110
14018377858
14016621309
14018555365
14014264325
14012630203
14013599718
14014268799
14012410098
14013592929
14012637340
14019960510
14019197943
14019193120
14019962278
14019968889
14019998083
14019963132
14016786056
14018370193
14014996477
14018379399
14012861214
14019961354
14015726782
14014970134
14013011326
14013597280
14013593940
14013592498
14014991870
14016623735
14019191426
14012266263
14012412648
14012266156
14013597534
14015720133
14012639700
14017445726
14019991067
14013010739
14013596852
14012635366
14014261294
14019966247
14017440790
14012129652
14012636597
14016638589
14014995711
14016636576
14012265084
14016622045
14015724113
14013016036
14013010504
14016789442
14012630572
14018552204
14014995988
14016779288
14018376355
14012265105
14012867784
14016633279
14012866774
14012864804
14013012878
14019960227
14014994655
14018376113
14016626546
14016638075
14012415476
14018374447
14016780418
14018557575
14019960361
14012261635
14013012032
14017448406
14015720042
14012638684
14012196997
14012637534
14016620898
14014261041
14012419405
14019961578
14012198054
14012639010
14013012707
14018376443
14012268509
14015720038
14013017084
14019998043
14017441480
14012198805
14016639171
14019966360
14019198623
14019961557
14013019053
14013014572
14016632849
14012261520
14016629534
14012264292
14019994066
14015721212
14017441268
14013594619
14012195126
14019998297
14019996548
14014978104
14019965669
14019968132
14018557185
14018378558
14019967888
14014999540
14019990824
14013016938
14014993561
14017440339
14014970862
14014994435
14018377588
14012261116
14016637085
14018371416
14014992235
14018557237
14016627927
14012265094
14016632945
14013011288
14012635147
14013597840
14012263448
14014269526
14019968537
14019992595
14019193461
14012263896
14014991033
14013592455
14012265486
14017442517
14018378150
14012862772
14012199042
14013594941
14012634496
14013598555
14014994667
14014251528
14016632383
14012635667
14014970982
14014269666
14012862119
14014978315
14013018308
14012862555
14012864347
14014991789
14013599366
14019199116
14014995703
14018557132
14019990000
14012193559
14012410412
14019998851
14013594493
14015721104
14012418814
14018376126
14016622360
14019965969
14014993910
14012865486
14013019836
14014978607
14018378660
14016630441
14019961052
14014978633
14013013462
14014267797
14016631716
14018374284
14012194837
14012191279
14012268864
14014990939
14018550733
14012414844
14014267180
14018375364
14017442868
14016632765
14012634042
14019967885
14016781436
14013594097
14019965495
14015722924
14014975348
14013012402
14017443742
14014993871
14019190768
14019962185
14012193056
14019999444
14014999024
14014259110
14013591048
14014972874
14018376211
14016621169
14015721200
